tree
version=v4
num_class=1
num_tree_per_iteration=1
label_index=0
max_feature_idx=10
objective=regression
feature_names=fixed_acidity volatile_acidity citric_acid residual_sugar chlorides free_sulfur_dioxide total_sulfur_dioxide density pH sulphates alcohol
feature_infos=[3.7999999999999998:15.9] [0.080000000000000002:1.3300000000000001] [0:1.6599999999999999] [0.59999999999999998:31.600000000000001] [0.012:0.61099999999999999] [2:289] [6:440] [0.98711000000000004:1.0103] [2.7200000000000002:4.0099999999999998] [0.22:2] [8:14.9]
tree_sizes=2621 2745 2760 2792 2773 2793 2792 2777 2773 2772 2768 2782 2781 2776 2774 2784 2796 2792 2780 2792

Tree=0
num_leaves=31
num_cat=0
split_feature=10 1 10 10 1 9 5 9 1 7 2 9 5 9 5 10 5 6 1 2 4 2 10 8 4 8 9 9 6 6
split_gain=430.448 132.413 72.8005 38.2836 32.3624 20.6414 17.9482 17.9191 16.0309 19.5635 21.0561 13.4183 25.8342 12.2764 13.7191 12.0867 12.0824 11.7907 10.4376 10.5216 9.77794 8.14395 7.95837 7.71429 7.67855 6.6045 6.46198 6.44476 6.28256 5.99063
threshold=10.850000000000003 0.25250000000000006 11.716666665000002 9.8500000000000032 0.45250000000000007 0.58500000000000008 20.500000000000004 0.7350000000000001 0.20250000000000004 0.99790500000000015 0.30500000000000005 0.58500000000000008 11.250000000000002 0.64500000000000013 10.500000000000002 12.725000000000001 13.500000000000002 57.500000000000007 0.42250000000000004 0.23500000000000001 0.037500000000000006 0.18500000000000003 10.016666665000001 3.3050000000000002 0.040500000000000008 3.0550000000000002 0.53500000000000014 0.47500000000000003 46.500000000000007 150.50000000000003
decision_type=2 2 2 2 2 2 2 2 2 2 2 2 2 2 2 2 2 2 2 2 2 2 2 2 2 2 2 2 2 2
left_child=1 8 4 18 11 -6 7 21 9 16 -11 12 -2 14 -5 -8 -1 -15 19 -3 29 -4 -10 -17 -18 -23 -20 -24 -28 -16
right_child=2 3 6 13 5 -7 15 -9 22 10 -12 -13 -14 17 20 23 24 -19 26 -21 -22 25 27 -25 -26 -27 28 -29 -30 -31
leaf_value=5.7897567430942116 5.7879780878040794 5.7819845228736817 5.8110300354060893 5.7855944951040597 5.77493981001584 5.823226800927837 5.8554209214656057 5.8736240220322715 5.8103757276337422 5.883574679989505 5.827458606760155 5.8475580651556465 5.8341432433057063 5.8341503366061245 5.8374237639600786 5.8675776558019086 5.8384109882801996 5.8028871779545659 5.776369192170459 5.7989947046632402 5.8043939347495819 5.8158437005877657 5.8116144507766636 5.8997205133926878 5.8220589844252411 5.8450162111788018 5.8004780868050236 5.8334326331231594 5.7831507436600624 5.8059705113127338
leaf_weight=23 33 113 28 82 38 53 326 38 262 32 35 158 371 76 41 84 105 50 139 465 296 23 55 24 227 124 88 88 129 24
leaf_count=23 33 113 28 82 38 53 326 38 262 32 35 158 371 76 41 84 105 50 139 465 296 23 55 24 227 124 88 88 129 24
internal_value=5.81988 5.80659 5.8425 5.79775 5.83072 5.80306 5.85439 5.8425 5.82266 5.82948 5.85426 5.8352 5.83037 5.80797 5.80406 5.86022 5.8248 5.82174 5.79152 5.79567 5.80825 5.83574 5.81555 5.87472 5.82723 5.84045 5.78479 5.82504 5.79018 5.82581
internal_weight=0 2330 1300 1503 653 91 647 213 827 422 67 562 404 569 443 434 355 126 934 578 361 175 405 108 332 147 356 143 217 65
internal_count=3630 2330 1300 1503 653 91 647 213 827 422 67 562 404 569 443 434 355 126 934 578 361 175 405 108 332 147 356 143 217 65
is_linear=0
shrinkage=1


Tree=1
num_leaves=31
num_cat=0
split_feature=10 1 10 2 10 5 1 3 4 9 9 5 1 5 0 10 1 2 9 3 4 5 2 10 8 3 5 10 10 10
split_gain=388.966 111.131 82.8726 26.4682 24.3786 16.2469 15.5654 21.0957 17.3473 14.8229 12.5991 19.3322 11.054 10.4788 10.2859 9.8676 9.41989 9.49574 8.19693 8.78833 7.9467 7.91062 7.75391 7.19619 7.14302 6.9066 6.82502 6.5624 6.37912 6.13203
threshold=10.65 0.25250000000000006 11.716666665000002 0.24500000000000002 9.8500000000000032 21.500000000000004 0.20250000000000004 10.15 0.055500000000000008 0.7350000000000001 0.57500000000000007 13.500000000000002 0.75750000000000017 8.5000000000000018 6.7500000000000009 12.725000000000001 0.42250000000000004 0.23500000000000001 0.72500000000000009 10.550000000000002 0.036500000000000005 13.500000000000002 0.18500000000000003 12.846666665000003 3.3050000000000002 1.8250000000000004 23.250000000000004 10.116666665000002 10.016666665000001 11.15
decision_type=2 2 2 2 2 2 2 2 2 2 2 2 2 2 2 2 2 2 2 2 2 2 2 2 2 2 2 2 2 2
left_child=1 6 3 13 16 9 7 21 -9 22 11 -5 18 -2 -12 25 17 -3 19 -6 -13 -1 -4 -24 -17 -7 -8 -23 -28 -16
right_child=2 4 5 10 12 15 26 8 -10 -11 14 20 -14 -15 29 24 -18 -19 -20 -21 -22 27 23 -25 -26 -27 28 -29 -30 -31
leaf_value=-0.026690240042365115 -0.039666981250047688 -0.036001880651554179 -0.0084086443696703237 -0.019520742377197302 -0.016234434863855673 0.024047135724262758 -0.020472987729590386 0.017624749065864653 0.068432643264532092 0.04906832357732261 0.040621941890872898 0.020789520960392022 -0.044004749810254137 -0.0038896864802717306 0.0076923428865318944 0.04474611727520824 -0.033340426689285912 -0.019842208720022635 0.007802493841040369 0.007262575758828058 0.0063841088180956636 -0.0022570525782723582 0.015569836936379209 0.045351284680267175 0.075847309067224478 0.039525604690090893 -0.0070386102414866369 0.014717459405461947 0.0086920045730140474 0.0276835365111337
leaf_weight=23 24 113 28 54 344 110 64 84 21 41 61 164 27 139 88 80 356 465 51 45 230 155 131 24 24 209 227 90 90 68
leaf_count=23 24 113 28 54 344 110 64 84 21 41 61 164 27 139 88 80 356 465 51 45 230 155 131 24 24 209 227 90 90 68
internal_value=0 -0.0139487 0.0193755 0.00889901 -0.0222784 0.0327828 0.00152873 0.00878932 0.0277863 0.0218948 0.0133249 0.00853506 -0.0129508 -0.00915751 0.0232136 0.0385486 -0.0269422 -0.0230015 -0.0110452 -0.0135163 0.0123803 0.00134647 0.0158068 0.0201812 0.0519233 0.0341882 -0.00557941 0.00397848 -0.00257251 0.0164065
internal_weight=0 2155 1475 828 1401 647 754 373 105 224 665 448 467 163 217 423 934 578 440 389 394 268 183 155 104 319 381 245 317 156
internal_count=3630 2155 1475 828 1401 647 754 373 105 224 665 448 467 163 217 423 934 578 440 389 394 268 183 155 104 319 381 245 317 156
is_linear=0
shrinkage=0.05


Tree=2
num_leaves=31
num_cat=0
split_feature=10 1 10 1 2 3 4 9 5 9 9 5 5 10 5 0 10 10 5 6 8 4 5 2 10 9 6 8 3 3
split_gain=351.042 100.549 74.7925 24.7705 23.8875 19.0389 15.6559 15.484 14.6628 13.3776 11.3707 17.4473 10.4735 9.56616 9.45716 9.283 9.00882 8.90551 8.13884 7.21338 7.65668 7.1719 7.13933 6.99791 6.49456 6.48112 8.59378 6.44658 6.2332 5.9781
threshold=10.65 0.28250000000000003 11.716666665000002 0.20250000000000004 0.24500000000000002 10.15 0.055500000000000008 0.53500000000000014 21.500000000000004 0.7350000000000001 0.57500000000000007 13.500000000000002 17.500000000000004 9.8500000000000032 8.5000000000000018 6.7500000000000009 9.8500000000000032 12.725000000000001 23.250000000000004 195.50000000000003 3.2850000000000006 0.036500000000000005 13.500000000000002 0.18500000000000003 12.846666665000003 0.63500000000000012 57.500000000000007 3.3050000000000002 1.8250000000000004 1.7250000000000003
decision_type=2 2 2 2 2 2 2 2 2 2 2 2 2 2 2 2 2 2 2 2 2 2 2 2 2 2 2 2 2 2
left_child=1 3 4 5 14 22 -7 12 9 23 11 -6 -3 -9 -2 -12 -5 28 -18 20 -20 -13 -1 -4 -25 -15 -27 -19 -10 -17
right_child=2 7 8 16 10 6 -8 13 17 -11 15 21 -14 25 -16 29 18 27 19 -21 -22 -23 -24 24 -26 26 -28 -29 -30 -31
leaf_value=-0.025355729363534765 -0.037683633218208952 -0.040683105811963674 -0.0079882118318762105 -0.012412981889994429 -0.018544704936168815 0.01674351217668681 0.065011014008805865 -0.022920392103054944 0.022844778908924626 0.046614908009040647 0.038590843609121982 0.019750044444893922 -0.025280012107557721 -0.017023457278264688 -0.00369520234547073 -0.0036813670536503199 -0.01480339877307415 0.042508809976279739 0.0014537394724108957 -0.023021347261965277 0.025051404476165773 0.0060649037328751191 0.0037795584724873914 0.014791345482564156 0.043083719567706187 0.012177499743371175 -0.018922526513536774 0.072054942414009324 0.037549323110916966 0.020558387302463094
leaf_weight=23 24 153 28 404 54 84 21 357 110 41 61 164 396 128 139 32 70 80 110 20 50 230 245 131 24 58 36 24 209 124
leaf_count=23 24 153 28 404 54 84 21 357 110 41 61 164 396 128 139 32 70 80 110 20 50 230 245 131 24 58 36 24 209 124
internal_value=0 -0.0132512 0.0184067 -0.00193236 0.00845406 0.00834986 0.026397 -0.0235566 0.0311437 0.0208001 0.0126586 0.00810831 -0.0295727 -0.0178523 -0.00869963 0.0220529 -0.00779668 0.0366212 -0.000336733 0.00528919 0.00882801 0.0117613 0.00127914 0.0150164 0.0191721 -0.00970234 0.000266851 0.0493271 0.0324788 0.0155861
internal_weight=0 2155 1475 1027 828 373 105 1128 647 224 665 448 549 579 163 217 654 423 250 180 160 394 268 183 155 222 94 104 319 156
internal_count=3630 2155 1475 1027 828 373 105 1128 647 224 665 448 549 579 163 217 654 423 250 180 160 394 268 183 155 222 94 104 319 156
is_linear=0
shrinkage=0.05


Tree=3
num_leaves=31
num_cat=0
split_feature=10 1 10 10 1 9 3 9 0 4 1 7 2 10 4 9 0 1 1 6 9 0 6 9 10 4 2 2 6 8
split_gain=317.23 98.5265 53.2495 30.1696 26.3073 17.4104 13.5168 11.5632 14.4061 12.7753 11.5526 14.8462 17.1872 11.2923 14.171 10.0455 8.07539 8.00534 7.64289 7.62977 13.5226 8.89257 7.34979 6.3599 9.61815 5.92727 6.25706 5.87177 8.48291 5.62129
threshold=10.850000000000003 0.25250000000000006 11.716666665000002 10.350000000000003 0.45250000000000007 0.58500000000000008 1.4750000000000003 0.57500000000000007 11.350000000000003 0.049500000000000009 0.20250000000000004 0.99790500000000015 0.30500000000000005 12.725000000000001 0.045500000000000006 0.58500000000000008 8.4500000000000011 0.6625000000000002 0.44250000000000006 93.500000000000014 0.57500000000000007 7.3500000000000005 72.500000000000014 0.45500000000000007 10.450000000000001 0.039500000000000007 0.36500000000000005 0.44500000000000006 112.50000000000001 3.3050000000000002
decision_type=2 2 2 2 2 2 2 2 2 2 2 2 2 2 2 2 2 2 2 2 2 2 2 2 2 2 2 2 2 2
left_child=1 10 4 7 15 -6 -5 9 17 18 11 16 -13 19 29 22 -1 -9 -3 20 -4 -21 -2 -12 27 26 -24 28 -25 -15
right_child=2 3 13 6 5 -7 -8 8 -10 -11 23 12 -14 14 -16 -17 -18 -19 -20 21 -22 -23 25 24 -26 -27 -28 -29 -30 -31
leaf_value=0.0061979534256404265 -0.010335201856701873 -0.015955387007335887 0.0052688180655241015 -0.032989334842811031 -0.04142124325429139 0.0029258420726038376 -0.00020327659233683543 -0.015082110934429342 0.023835301399230957 -0.031174255622060679 -0.012107221073877643 0.056313467491418127 0.0056142817171556609 0.042083644365534342 0.011502523116315857 0.024075088532099241 -0.023838332047065102 -0.037334592867156735 -0.040306862981783022 0.035361114702305421 0.032225154145438778 0.014406343102455138 0.022345602786205464 -0.023969295826451534 0.023600553320720793 0.0041884330507272324 0.0025144979357719422 -0.020119847157379477 0.0055246851315685352 0.065648067917893918
leaf_weight=331 43 307 100 36 38 53 248 333 22 475 142 32 35 99 33 158 24 46 36 229 87 65 151 29 40 156 54 41 153 34
leaf_count=331 43 307 100 36 38 53 248 333 22 475 142 32 35 99 33 158 24 46 36 229 87 65 151 29 40 156 54 41 153 34
internal_value=0 -0.0114088 0.0194203 -0.0190356 0.00934744 -0.0155927 -0.00435926 -0.0224549 -0.0154996 -0.0258645 0.00245222 0.00824155 0.0298288 0.0295865 0.0408307 0.0133858 0.00416733 -0.0177829 -0.0185112 0.025706 0.01781 0.0307283 0.00920532 -0.00358012 0.00102386 0.0115329 0.0171218 -0.00302577 0.000825095 0.0481076
internal_weight=0 2330 1300 1503 653 91 284 1219 401 818 827 422 67 647 166 562 355 379 343 481 187 294 404 405 263 361 205 223 182 133
internal_count=3630 2330 1300 1503 653 91 284 1219 401 818 827 422 67 647 166 562 355 379 343 481 187 294 404 405 263 361 205 223 182 133
is_linear=0
shrinkage=0.05


Tree=4
num_leaves=31
num_cat=0
split_feature=7 1 5 9 6 3 2 4 9 9 8 1 1 3 2 2 7 7 6 8 5 0 5 3 7 3 6 0 7 7
split_gain=192.652 70.6582 43.7889 41.3248 32.2078 20.7757 20.1147 18.9745 16.1258 16.057 15.4618 14.2155 13.8177 16.4982 14.3325 13.2503 13.1674 12.7721 10.5083 10.4572 10.1446 8.38313 8.36086 8.35376 8.2981 8.26397 8.1754 8.07706 8.03215 7.95426
threshold=0.99200500000000014 0.30250000000000005 11.250000000000002 0.64500000000000013 55.500000000000007 1.8250000000000004 0.25500000000000006 0.037500000000000006 0.53500000000000014 0.83500000000000008 3.2850000000000006 0.39250000000000007 0.20250000000000004 10.15 0.30500000000000005 0.23500000000000001 0.99547000000000019 0.99160500000000018 193.50000000000003 3.3250000000000006 26.500000000000004 6.9500000000000011 13.500000000000002 2.0250000000000004 0.98980500000000016 6.5250000000000012 64.500000000000014 6.3500000000000005 0.99660500000000007 0.99378500000000003
decision_type=2 2 2 2 2 2 2 2 2 2 2 2 2 2 2 2 2 2 2 2 2 2 2 2 2 2 2 2 2 2
left_child=2 6 -1 7 11 10 18 15 -9 12 17 -5 13 22 -15 -3 19 -4 -2 25 -21 -18 -8 -13 -12 -14 -10 -26 -23 -27
right_child=1 3 5 4 -6 -7 9 8 26 -11 24 23 16 14 -16 -17 21 -19 -20 20 -22 28 -24 -25 27 29 -28 -29 -30 -31
leaf_value=-0.02252527534685753 -0.0077950815401356859 -0.032031820487716925 0.01472923143848996 0.03243825483830675 -0.020072024411884909 0.032312458313462765 -0.024488519132137301 -0.027843648724138262 -0.0089122636069078002 0.034973693350329994 0.05281172512519744 -0.010107218577969271 -0.0045877865760734207 0.044646000359207398 0.0095832212317374446 0.011216999897310002 -0.016735217696692371 -0.012228178778397186 -0.03756104290485382 -0.0034574799394855894 0.036795727635423346 -0.017990151815400975 0.0063599126409419234 0.014026108668613965 0.011820455324851861 0.033722627060788289 -0.022404131180606784 0.042709728211136257 0.0044590484179360306 0.0041811176012595038
leaf_weight=54 194 23 204 63 118 382 24 498 256 40 31 61 209 55 62 77 158 56 35 24 45 54 259 87 59 31 200 33 152 86
leaf_count=54 194 23 204 63 118 382 24 498 256 40 31 61 209 55 62 77 158 56 35 24 45 54 259 87 59 31 200 33 152 86
internal_value=0 -0.00656718 0.0209902 -0.0146223 0.000847545 0.0240619 0.00123414 -0.0194512 -0.0216232 0.00382755 0.0158328 0.0125466 0.00275262 0.010273 0.0260657 0.00126977 -0.00121067 0.00892302 -0.0123445 0.00511129 0.0227946 -0.00807104 0.00374379 0.00407926 0.030439 0.0013685 -0.0148297 0.0229003 -0.00142569 0.0120084
internal_weight=0 2811 819 1383 329 765 1428 1054 954 1199 383 211 1159 400 117 100 759 260 229 395 69 364 283 148 123 326 456 92 206 117
internal_count=3630 2811 819 1383 329 765 1428 1054 954 1199 383 211 1159 400 117 100 759 260 229 395 69 364 283 148 123 326 456 92 206 117
is_linear=0
shrinkage=0.05


Tree=5
num_leaves=31
num_cat=0
split_feature=10 1 10 10 2 10 1 10 3 1 3 5 9 5 8 4 5 9 5 9 5 4 4 0 10 2 9 4 2 5
split_gain=288.653 87.2258 33.1334 26.6169 22.1634 13.9549 11.3614 10.651 12.7142 14.5292 9.79615 9.39739 12.2304 8.22331 9.14003 9.74265 7.95345 7.80709 7.61097 7.30817 8.30532 7.23662 7.14794 7.03326 6.75854 6.27418 5.75271 5.6891 5.96863 5.65775
threshold=10.916666665000003 0.25250000000000006 12.025000000000002 10.350000000000003 0.23500000000000001 10.016666665000001 0.5525000000000001 9.0500000000000025 12.725000000000001 0.20250000000000004 1.2250000000000003 19.500000000000004 0.72500000000000009 5.5000000000000009 3.2450000000000006 0.048500000000000008 12.500000000000002 0.57500000000000007 13.500000000000002 0.7350000000000001 26.500000000000004 0.045500000000000006 0.044500000000000005 8.1500000000000004 12.725000000000001 0.18500000000000003 0.63500000000000012 0.047500000000000007 0.23500000000000001 14.500000000000002
decision_type=2 2 2 2 2 2 2 2 2 2 2 2 2 2 2 2 2 2 2 2 2 2 2 2 2 2 2 2 2 2
left_child=1 5 4 6 16 7 17 8 -1 -10 -5 12 25 -6 -15 -16 -2 18 -3 20 -12 24 -22 -9 -13 -4 -17 28 -20 -19
right_child=2 3 11 10 13 -7 -8 23 9 -11 19 21 -14 14 15 26 -18 29 27 -21 22 -23 -24 -25 -26 -27 -28 -29 -30 -31
leaf_value=-0.015290190849234076 -0.032616412052168302 -0.035187518690960318 -0.012862961028109899 -0.035302333122429745 -0.0099117478122934706 0.010885513044090685 -0.028805962399189228 -0.0040785232860156726 0.048259742341695298 0.0057279148384144435 -0.012396735800430179 0.031450863846006087 0.051151762684078318 0.012918346650616195 0.03250559985152119 -0.0060794161508480708 -0.00035318053948382537 0.0018030255061128866 -0.026227917978840488 0.017802728991955518 0.017763745863186686 0.014201297482231895 -0.0075030796500769534 -0.026979901913452793 0.046846759367153185 0.017328510072695303 0.021320351191251627 -0.022959558994589766 -0.0082526445141813381 -0.014739434184162943
leaf_weight=34 26 79 22 24 28 334 303 357 31 57 160 206 23 378 161 30 72 69 62 40 57 40 55 37 109 79 53 324 181 206
leaf_count=34 26 79 22 24 28 334 303 357 31 57 160 206 23 378 161 30 72 69 62 40 57 40 55 37 109 79 53 324 181 206
internal_value=0 -0.00996403 0.0198279 -0.0169855 0.0132529 0.00292253 -0.0204074 -0.00223181 0.0106777 0.0207107 -0.00452012 0.0300954 0.0182456 0.0165948 0.017788 0.025332 -0.00891281 -0.0176444 -0.0206479 -0.00215226 -0.00508681 0.0342344 0.00535593 -0.00622916 0.0367783 0.0107522 0.0114168 -0.0186221 -0.0128389 -0.0105888
internal_weight=0 2410 1227 1560 748 850 1224 516 122 88 336 479 124 650 622 244 98 921 646 312 272 355 112 394 315 101 83 567 243 275
internal_count=3637 2410 1227 1560 748 850 1224 516 122 88 336 479 124 650 622 244 98 921 646 312 272 355 112 394 315 101 83 567 243 275
is_linear=0
shrinkage=0.05


Tree=6
num_leaves=31
num_cat=0
split_feature=7 1 5 9 6 4 3 1 7 1 9 4 2 8 3 5 3 6 3 8 7 6 6 2 9 6 2 1 0 7
split_gain=164.204 51.8873 34.9066 29.7374 34.1067 30.2013 19.7752 16.3929 13.0956 11.8486 10.5679 10.2493 10.1671 7.23865 7.23768 7.18113 8.23228 7.34902 6.77615 6.61955 6.81052 6.33561 6.2691 6.13036 6.0569 5.93561 5.78607 5.66563 5.57762 5.43661
threshold=0.99200500000000014 0.24250000000000002 11.250000000000002 0.64500000000000013 50.500000000000007 0.037500000000000006 2.0250000000000004 0.38250000000000006 0.99131000000000002 0.30250000000000005 0.57500000000000007 0.093500000000000014 0.22500000000000003 3.2450000000000006 17.775000000000002 27.500000000000004 5.6500000000000012 98.500000000000014 2.3250000000000006 3.2450000000000006 0.98944500000000013 101.50000000000001 96.500000000000014 0.24500000000000002 0.52500000000000013 162.25000000000003 0.53500000000000014 0.22750000000000004 6.3500000000000005 0.99627500000000013
decision_type=2 2 2 2 2 2 2 2 2 2 2 2 2 2 2 2 2 2 2 2 2 2 2 2 2 2 2 2 2 2
left_child=2 14 28 5 7 12 8 -5 13 23 -11 21 -3 -4 15 16 22 -17 29 20 -8 -6 24 -7 -2 26 -25 -19 -1 -9
right_child=1 3 6 4 11 9 19 18 -10 10 -12 -13 -14 -15 -16 17 -18 27 -20 -21 -22 -23 -24 25 -26 -27 -28 -29 -30 -31
leaf_value=-0.040626386115327484 -0.011798299341039225 -0.020549821644090117 0.013647290927188397 0.033851606235839431 0.0053447014577085936 -0.021276469528675082 0.051845119783485487 0.01426318295300007 0.0010395842146311628 -0.022264048619854829 -0.010421763187489259 -0.032162803690880537 0.010291733968727014 0.029128056937314347 -0.023489724277434024 0.037129454458640382 0.010641155707518286 0.010555984543861082 0.019419738071759778 0.039453852575962317 0.022520822032197199 -0.016531148144949073 -0.016273144080575244 0.0040856194418125054 0.018059570709509511 -0.012410832079928682 -0.024567412659525875 -0.0016095937835791754 -0.0071637369635881801 -0.011805489038427671
leaf_weight=20 33 32 173 77 62 82 22 30 122 684 260 54 162 134 22 22 92 398 53 137 198 71 96 148 35 179 20 126 33 60
leaf_count=20 33 32 173 77 62 82 22 30 122 684 260 54 162 134 22 22 92 398 53 137 198 71 96 148 35 179 20 126 33 60
internal_value=0 -0.00573523 0.0194838 -0.0101344 0.00190726 -0.013262 0.0221321 0.0152518 0.0148974 -0.0158712 -0.0190024 -0.0137921 0.00520447 0.0204044 0.00480346 0.00557958 -0.00133006 0.00881927 0.00523645 0.030826 0.0254533 -0.00633338 -0.00804561 -0.00898109 0.00356972 -0.00607555 0.000674544 0.00763067 -0.0197912 -0.00311593
internal_weight=0 2798 839 1974 407 1567 786 220 429 1373 944 187 194 307 824 802 256 546 143 357 220 133 164 429 68 347 168 524 53 90
internal_count=3637 2798 839 1974 407 1567 786 220 429 1373 944 187 194 307 824 802 256 546 143 357 220 133 164 429 68 347 168 524 53 90
is_linear=0
shrinkage=0.05


Tree=7
num_leaves=31
num_cat=0
split_feature=10 10 1 1 3 1 5 5 9 3 1 3 6 1 8 8 1 2 5 9 5 2 3 9 0 5 8 3 5 8
split_gain=242.995 60.7005 51.6483 22.0564 11.7576 9.86871 9.49016 9.1942 14.7267 10.2759 7.90431 12.5275 8.30438 7.18906 6.9994 7.91394 6.76866 7.45637 6.49228 6.43571 7.65226 6.31894 11.3468 6.57127 6.13055 7.57416 6.09535 5.98259 5.64893 6.37665
threshold=10.350000000000003 11.616666665000002 0.25250000000000006 0.31750000000000006 1.3250000000000004 0.5525000000000001 24.500000000000004 20.500000000000004 0.72500000000000009 2.0250000000000004 0.18750000000000003 1.2250000000000003 128.50000000000003 0.7875000000000002 3.3950000000000005 3.2950000000000004 0.20250000000000004 0.26500000000000007 30.250000000000004 0.54500000000000015 8.5000000000000018 0.30500000000000005 10.250000000000002 0.47500000000000003 8.1500000000000004 11.250000000000002 3.1850000000000005 3.1500000000000008 27.500000000000004 3.0650000000000004
decision_type=2 2 2 2 2 2 2 2 2 2 2 2 2 2 2 2 2 2 2 2 2 2 2 2 2 2 2 2 2 2
left_child=2 3 6 10 -5 19 27 8 24 -9 -2 18 28 -6 15 -14 17 -8 -12 20 -4 22 -19 -23 25 -3 -11 -1 -13 -30
right_child=1 7 5 4 13 -7 16 9 -10 26 11 12 14 -15 -16 -17 -18 21 -20 -21 -22 23 -24 -25 -26 -27 -28 -29 29 -31
leaf_value=-0.023477062199151879 0.021270592992193998 -0.012448042778054343 -0.042683909472190973 -0.035508218028203205 0.0003789889880884332 -0.02648684199001923 -0.0094343740371582302 0.019040845739967373 0.042660840345156749 0.026549436978111379 -0.025675698037485817 0.010992817863524875 0.0019515713898553737 -0.029743063272464842 -0.022372987250918928 0.029046443669181882 -0.0032708277605706828 0.0043885120307095354 0.0041491279482013654 -0.01065859781203482 -0.017888376249359291 -0.0096833993392508658 0.046174580347018712 0.014960199241575442 0.027787572675599503 0.012709740351587805 0.040883573374576265 -0.0015655777338197678 0.0053946148427524449 0.03263023956283561
leaf_weight=66 150 42 33 27 349 303 46 179 43 139 37 163 147 21 23 33 256 32 36 343 545 42 33 76 39 104 159 59 29 83
leaf_count=66 150 42 33 27 349 303 46 179 43 139 37 163 147 21 23 33 256 32 36 343 545 42 33 76 39 104 159 59 29 83
internal_value=0 0.0131129 -0.012736 0.00576167 -0.00365506 -0.0186594 -0.000850332 0.0245621 0.0163032 0.0285098 0.0110947 0.00832448 0.0112707 -0.00133064 0.00360017 0.00691896 0.00231578 0.00856107 -0.0109676 -0.0160843 -0.019304 0.0130845 0.025603 0.00618875 0.0101768 0.00547257 0.0341975 -0.0131348 0.016933 0.0255782
internal_weight=0 1803 1834 1098 397 1224 610 705 228 477 701 551 478 370 203 180 485 229 73 921 578 183 65 118 185 146 298 125 275 112
internal_count=3637 1803 1834 1098 397 1224 610 705 228 477 701 551 478 370 203 180 485 229 73 921 578 183 65 118 185 146 298 125 275 112
is_linear=0
shrinkage=0.05


Tree=8
num_leaves=31
num_cat=0
split_feature=10 1 10 2 10 10 10 10 3 3 8 7 6 7 4 0 3 0 9 9 1 7 4 8 6 1 3 2 1 9
split_gain=220.562 58.3742 29.4258 26.167 20.1843 10.2432 8.35999 9.19627 11.264 13.4903 7.72236 8.31472 6.5875 6.93488 6.92799 6.48422 6.13583 5.91974 5.7033 6.9114 5.61406 5.56684 5.51458 6.75316 5.95734 7.02275 5.74133 5.4558 5.24402 5.2268
threshold=10.850000000000003 0.25250000000000006 12.025000000000002 0.24500000000000002 9.8500000000000032 11.233333335000001 10.016666665000001 9.0500000000000025 12.725000000000001 14.850000000000003 3.2450000000000006 0.99560500000000018 85.500000000000014 0.99406500000000009 0.046500000000000007 10.950000000000001 1.2250000000000003 8.1500000000000004 0.42500000000000004 0.56500000000000006 0.20250000000000004 0.99220500000000011 0.038500000000000006 3.1850000000000005 54.500000000000007 0.29750000000000004 2.3250000000000006 0.31500000000000006 0.5525000000000001 0.69500000000000006
decision_type=2 2 2 2 2 2 2 2 2 2 2 2 2 2 2 2 2 2 2 2 2 2 2 2 2 2 2 2 2 2
left_child=1 6 3 5 28 -2 7 8 -1 20 29 16 13 -4 -14 22 -12 -9 -18 -20 -10 -21 23 -6 26 -26 -24 -27 -3 -5
right_child=2 4 12 10 15 -7 -8 17 9 -11 11 -13 14 -15 -16 -17 18 -19 19 21 -22 -23 24 -25 25 27 -28 -29 -30 -31
leaf_value=-0.014700753701960341 -0.024204287930361688 -0.017495935118762452 0.0068330845442786184 0.0084854919303286001 -0.01205854817749338 0.0032634222383300469 0.0082310003924656941 -0.0039954690119194218 0.058066587001085281 -0.00084188892397769671 0.0062019897366149563 0.00067108656569361325 0.031688857473324915 0.033110996163725905 0.006985490754126542 0.015759432169475725 0.045231662490461934 -0.025005870131221981 0.013017528177846949 0.050098317370496019 0.022525584757328035 0.023061318563090433 -0.0102842155161618 0.013975197322807224 -0.0054981668071265805 -0.015768764023460561 0.0099126813312371571 -0.034471128908070657 -0.026380307148403837 0.025406502232698799
leaf_weight=34 62 708 74 373 47 75 301 357 20 43 36 41 336 38 31 28 41 37 72 33 25 45 101 53 114 134 54 55 217 52
leaf_count=34 62 708 74 373 47 75 301 357 20 43 36 41 336 38 31 28 41 37 72 33 25 45 101 53 114 134 54 55 217 52
internal_value=0 -0.0091586 0.0164948 0.0107998 -0.0149805 -0.00916722 0.00160878 -0.00225418 0.00974135 0.0191849 0.0147472 0.0213938 0.026363 0.0157488 0.0296022 -0.00772004 0.0251367 -0.00596853 0.0287056 0.0241884 0.0383216 0.0345 -0.00889822 0.00173934 -0.0112208 -0.0152994 -0.00324788 -0.0212113 -0.0195802 0.0105558
internal_weight=0 2328 1309 830 1511 137 817 516 122 88 693 268 479 112 367 586 227 394 191 150 45 78 558 100 458 303 155 189 925 425
internal_count=3637 2328 1309 830 1511 137 817 516 122 88 693 268 479 112 367 586 227 394 191 150 45 78 558 100 458 303 155 189 925 425
is_linear=0
shrinkage=0.05


Tree=9
num_leaves=31
num_cat=0
split_feature=10 1 10 2 10 5 5 10 8 1 3 1 3 5 9 0 4 10 5 8 9 3 4 5 9 10 3 2 8 1
split_gain=199.057 52.6827 26.5568 23.6157 18.2163 13.9532 7.83177 7.66302 7.25215 6.86266 8.66957 6.81803 8.69086 6.76473 9.30169 5.85201 5.75536 5.75131 5.26694 6.98939 5.48808 5.07049 9.67123 9.45919 6.2987 4.9788 7.16235 4.77466 4.76705 4.73273
threshold=10.850000000000003 0.25250000000000006 12.025000000000002 0.24500000000000002 9.8500000000000032 8.5000000000000018 28.250000000000004 11.15 2.9750000000000005 0.20250000000000004 4.4250000000000016 0.16250000000000003 1.2250000000000003 19.500000000000004 0.72500000000000009 10.950000000000001 0.045500000000000006 12.550000000000002 27.500000000000004 3.2450000000000006 0.42500000000000004 1.5250000000000001 0.044500000000000005 18.500000000000004 0.52500000000000013 10.250000000000002 2.9250000000000003 0.18500000000000003 3.4750000000000005 0.5525000000000001
decision_type=2 2 2 2 2 2 2 2 2 2 2 2 2 2 2 2 2 2 2 2 2 2 2 2 2 2 2 2 2 2
left_child=1 6 3 5 29 -2 25 -7 -5 -8 -11 -10 -13 14 27 21 17 -15 -14 -20 -21 -6 23 -23 -24 26 -1 -4 -9 -3
right_child=2 4 13 8 15 7 9 28 11 10 -12 12 18 16 -16 -17 -18 -19 19 20 -22 22 24 -25 -26 -27 -28 -29 -30 -31
leaf_value=-0.022786996648129491 -0.044233989974726801 -0.016621138443802037 -0.012144681404937399 -0.0061275668356323707 -0.019855425614549452 -0.019874471710308605 0.010717120829672189 0.015108548903039525 0.0313682975107804 0.016815656663502678 -0.004577398699863503 -0.0031366822131745076 0.011402043465822728 0.024175511828507298 0.043688055127859116 0.014971460654799427 0.010691000050865115 0.037689481466377697 0.013974191463697053 0.054237230825016192 0.025440647101510339 -0.025674638592384082 -0.021541994219959375 0.0099901053526749231 -0.0065826437861562295 0.0034818185022681631 -0.0016293221670720314 0.014192974686996918 -0.013329038517549636 -0.025061291758365897
leaf_weight=72 23 708 22 42 83 38 263 56 60 59 240 68 292 160 23 28 40 155 132 21 78 22 101 120 232 93 90 79 20 217
leaf_count=72 23 708 22 42 83 38 263 56 60 59 240 68 292 160 23 28 40 155 132 21 78 22 101 120 232 93 90 79 20 217
internal_value=0 -0.00870067 0.0156701 0.0102598 -0.0142315 -0.00870886 0.00152834 -0.00154151 0.0140098 0.00482589 -0.000356027 0.015309 0.0136786 0.0250448 0.014991 -0.00733403 0.0285566 0.0308252 0.0158649 0.0215063 0.031549 -0.00845331 -0.00646094 0.00446458 -0.0111199 -0.00573919 -0.0110327 0.00845606 0.00762497 -0.0186012
internal_weight=0 2328 1309 830 1511 137 817 114 693 562 299 651 591 479 124 586 355 315 523 231 99 558 475 142 333 255 162 101 76 925
internal_count=3637 2328 1309 830 1511 137 817 114 693 562 299 651 591 479 124 586 355 315 523 231 99 558 475 142 333 255 162 101 76 925
is_linear=0
shrinkage=0.05


Tree=10
num_leaves=31
num_cat=0
split_feature=10 1 10 1 1 7 2 5 4 9 8 6 9 10 5 1 6 10 8 4 5 5 10 5 9 1 6 10 10 0
split_gain=179.129 52.9085 29.6879 16.2768 13.5921 12.1693 14.0595 11.8018 26.2782 9.99655 9.66264 8.58795 11.4798 8.19809 8.19641 7.98781 6.76193 6.55099 5.86697 6.94046 5.74651 5.56803 5.49422 5.07225 4.99711 4.92704 4.87997 4.79431 4.68214 4.67647
threshold=10.65 0.29750000000000004 12.025000000000002 0.46500000000000002 0.20250000000000004 0.99790500000000015 0.30500000000000005 11.250000000000002 0.05050000000000001 0.58500000000000008 2.9650000000000003 45.500000000000007 0.66500000000000015 11.15 12.500000000000002 0.44250000000000006 152.50000000000003 9.8500000000000032 3.2550000000000003 0.044500000000000005 33.500000000000007 23.250000000000004 11.458333335000001 51.250000000000007 0.72500000000000009 0.65250000000000019 188.50000000000003 10.116666665000002 10.850000000000003 6.3500000000000005
decision_type=2 2 2 2 2 2 2 2 2 2 2 2 2 2 2 2 2 2 2 2 2 2 2 2 2 2 2 2 2 2
left_child=1 4 3 7 5 14 -7 8 13 22 -9 12 25 -2 -1 -13 18 -6 28 -20 -4 -19 -5 -18 -10 -3 -23 29 -12 -16
right_child=2 11 20 9 17 6 -8 10 24 -11 16 15 -14 -15 27 -17 23 21 19 -21 -22 26 -24 -25 -26 -27 -28 -29 -30 -31
leaf_value=-0.029444955475628379 -0.010223456844687463 -0.010187576644456209 0.020087020917243625 -0.031471313867304063 -0.009691502502846774 0.045335179322252152 0.0020347329284492381 -0.012614127506008922 0.0039690590863933834 0.0048477405488684582 0.00083164922385053203 -0.016202339182297392 0.0077516224917391664 -0.050748096549740211 -0.016143037242496886 -0.026536945415126696 -0.0028946648967997511 -0.011133969735495653 0.02916061856762622 0.010153253697457591 0.032350348457283178 0.0074825160881493895 2.4896059185266497e-05 0.022450113105319011 0.030108505123423654 -0.026963278112503198 -0.015715623245789453 0.012099865216427958 0.015586882481885401 0.0030731027716395559
leaf_weight=20 24 134 321 45 427 38 37 34 41 77 66 540 71 26 41 286 82 79 153 70 136 177 20 26 33 65 26 106 290 139
leaf_count=20 24 134 321 45 427 38 37 34 41 77 66 540 71 26 41 286 82 79 153 70 136 177 20 26 33 65 26 106 290 139
internal_value=0 -0.0094928 0.0132005 0.0083221 -0.00169271 0.0059239 0.0239736 0.0109543 -0.00329437 -0.00734109 0.0134048 -0.0172502 -0.00950883 -0.0312963 0.00149995 -0.0197807 0.0146925 -0.00578569 0.0168349 0.0231942 0.0237365 0.000128424 -0.0217802 0.00320686 0.0156258 -0.0156671 0.00451133 0.00366392 0.0128514 -0.00130391
internal_weight=0 2186 1444 987 1090 381 75 845 124 142 721 1096 270 50 306 826 687 709 579 223 457 282 65 108 74 199 203 286 356 180
internal_count=3630 2186 1444 987 1090 381 75 845 124 142 721 1096 270 50 306 826 687 709 579 223 457 282 65 108 74 199 203 286 356 180
is_linear=0
shrinkage=0.05


Tree=11
num_leaves=31
num_cat=0
split_feature=7 1 5 9 6 4 3 1 6 5 6 9 5 8 1 7 4 3 4 9 1 1 8 2 9 5 5 4 2 0
split_gain=91.8004 38.5702 25.4934 22.2654 26.0712 21.5892 13.085 12.9939 12.043 12.3609 15.0938 14.1411 12.1846 12.0158 9.1517 8.45433 7.46309 7.11221 6.6761 6.4096 6.2227 6.00937 7.64522 5.79135 8.12011 5.37525 5.31997 4.90577 4.89148 4.82901
threshold=0.99200500000000014 0.30250000000000005 8.5000000000000018 0.62500000000000011 57.500000000000007 0.031500000000000007 1.8250000000000004 0.40250000000000008 155.50000000000003 25.500000000000004 28.500000000000004 0.55500000000000016 13.500000000000002 3.2250000000000005 0.22750000000000004 0.98957000000000017 0.055500000000000008 1.925 0.075500000000000012 0.57500000000000007 0.14750000000000002 0.5525000000000001 3.2450000000000006 0.38500000000000006 0.53500000000000014 54.500000000000007 21.500000000000004 0.074500000000000011 0.34500000000000003 7.1250000000000009
decision_type=2 2 2 2 2 2 2 2 2 2 2 2 2 2 2 2 2 2 2 2 2 2 2 2 2 2 2 2 2 2
left_child=2 8 -1 5 7 -3 13 18 9 10 -2 25 -12 20 16 -8 -10 27 -5 -15 -4 22 -7 24 -23 -11 28 -9 -17 -18
right_child=1 3 6 4 -6 21 15 17 14 11 12 -13 -14 19 -16 26 29 -19 -20 -21 -22 23 -24 -25 -26 -27 -28 -29 -30 -31
leaf_value=-0.029252980831370224 0.021124405771689982 0.021442796420305971 0.028270692075602712 0.037847964075626808 -0.017361971170951923 -0.017311546505514475 0.040911415557969705 0.0035070763714611531 -0.0011330537525189185 0.0071005284032859594 -0.026882542539998645 0.024857186665367181 -0.0017806866184869271 0.014307480527570466 -0.0091994233788220119 0.017249573842537676 0.0071186203671538316 0.0080958655615883668 0.0093186944647616638 0.037378370671052465 -0.0010428860430712068 -0.02888332230608855 -0.0060223490822397217 -0.047237688728741241 -0.011810055534387458 -0.012672253541256251 0.02335522656831595 -0.025856608107234492 -0.0087360881631159126 0.040712035838514571
leaf_weight=32 57 40 20 46 150 431 55 25 137 360 61 119 233 132 366 55 23 121 37 39 191 134 230 21 145 38 252 33 27 20
leaf_count=32 57 40 20 46 150 431 55 25 137 360 61 119 233 132 366 55 23 121 37 39 191 134 230 21 145 38 252 33 27 20
internal_value=0 -0.00467996 0.0144769 -0.0105223 -0.000739051 -0.014549 0.0162919 0.00877789 0.00115824 0.00481798 -0.00242349 0.00973433 -0.00698889 0.00971876 -0.0046598 0.0227468 0.00457078 0.00119558 0.0251301 0.0195693 0.00173565 -0.0160471 -0.0133834 -0.021916 -0.0200101 0.00521267 0.0197556 -0.0131998 0.00869332 0.0227435
internal_weight=0 2827 803 1413 412 1001 771 262 1414 868 351 517 294 382 546 389 180 179 83 171 211 961 661 300 279 398 334 58 82 43
internal_count=3630 2827 803 1413 412 1001 771 262 1414 868 351 517 294 382 546 389 180 179 83 171 211 961 661 300 279 398 334 58 82 43
is_linear=0
shrinkage=0.05


Tree=12
num_leaves=31
num_cat=0
split_feature=7 1 5 6 9 4 4 9 9 1 3 5 1 2 9 7 3 5 5 7 9 3 8 7 3 0 3 8 0 5
split_gain=82.9289 32.7109 24.609 21.3334 24.4329 16.2443 14.3682 11.8413 10.1194 9.13435 14.3711 11.0307 8.97179 8.90062 8.44578 8.1726 7.8356 7.41737 7.17922 9.09499 7.90589 6.22365 7.43925 6.63455 6.13579 6.0496 6.01768 10.4007 5.96749 5.86021
threshold=0.99239000000000011 0.30250000000000005 11.250000000000002 44.500000000000007 0.67500000000000016 0.031500000000000007 0.038500000000000006 0.81500000000000006 0.71500000000000008 0.20250000000000004 9.5500000000000025 53.500000000000007 0.41250000000000003 0.30500000000000005 0.52500000000000013 0.99547000000000019 2.2250000000000005 12.500000000000002 11.250000000000002 0.99280500000000005 0.59500000000000008 8.8500000000000032 3.2850000000000006 0.99390500000000015 1.6250000000000002 6.9500000000000011 3.9250000000000003 3.2450000000000006 6.5500000000000007 6.5000000000000009
decision_type=2 2 2 2 2 2 2 2 2 2 2 2 2 2 2 2 2 2 2 2 2 2 2 2 2 2 2 2 2 2
left_child=2 7 29 4 14 -5 26 9 16 10 17 13 -6 25 -3 21 -8 -2 20 -20 -7 22 -11 28 -21 -12 27 -4 -24 -1
right_child=1 3 6 5 12 18 8 -9 -10 15 11 -13 -14 -15 -16 -17 -18 -19 19 24 -22 -23 23 -25 -26 -27 -28 -29 -30 -31
leaf_value=-0.035914472468197345 -0.030254229977726938 -0.022924144363697666 0.0093997168496209177 0.018812687790819578 0.031115945002690343 -0.03999576897997606 -0.0014439831681475781 0.026296353799460288 0.037781379822020733 -0.0045733540475376396 0.021084694122352327 -0.0076196557754883544 0.0053550748441966237 0.010007561908031886 -0.0043095476558617498 -0.0078603165918374792 0.016362652985583155 0.0014285145005532821 0.0081275380881769329 -0.032524805253499427 -0.003458315539173782 0.016193108285369819 0.006522039242554456 -0.0018235568221522652 -0.014571575640002266 0.05148608078404019 0.028835836443333675 0.026045687590965441 0.041427085837349303 -0.0050553824752569204
leaf_weight=25 20 81 211 35 58 57 202 44 24 295 30 32 81 52 246 432 89 242 42 51 20 64 24 48 712 36 143 169 25 40
leaf_count=25 20 81 211 35 58 57 202 44 24 295 30 32 81 52 246 432 89 242 42 51 20 64 24 48 712 36 143 169 25 40
internal_value=0 -0.00476893 0.012713 -0.0101673 -0.00145605 -0.0145942 0.0150119 0.000786084 0.0065757 -7.734e-05 0.00607578 0.0184174 0.0161042 0.0254782 -0.0089205 -0.00293216 0.00400203 -0.000990016 -0.0159198 -0.0145247 -0.0305055 0.00173661 -0.000623633 0.0113884 -0.0157716 0.0376673 0.0200929 0.0168028 0.0243307 -0.0169243
internal_weight=0 2727 903 1383 466 917 838 1344 315 1300 412 150 139 118 327 888 291 262 882 805 77 456 392 97 763 66 523 380 49 65
internal_count=3630 2727 903 1383 466 917 838 1344 315 1300 412 150 139 118 327 888 291 262 882 805 77 456 392 97 763 66 523 380 49 65
is_linear=0
shrinkage=0.05


Tree=13
num_leaves=31
num_cat=0
split_feature=10 1 10 5 7 10 0 1 6 1 3 1 2 1 8 6 5 9 7 3 9 0 1 1 5 5 6 9 7 5
split_gain=140.884 37.6763 32.9853 18.8788 14.3466 9.90361 11.3299 8.57536 8.24082 8.1789 6.78626 10.0523 6.75082 6.14497 6.0691 5.88386 9.58101 5.83151 5.80172 6.32102 6.9334 5.72983 5.60649 6.97773 5.44083 4.99406 5.83423 6.22966 4.95256 4.89097
threshold=10.350000000000003 0.23250000000000001 11.616666665000002 11.250000000000002 0.9941850000000001 9.1500000000000004 6.5500000000000007 0.5525000000000001 168.50000000000003 0.67250000000000021 1.2250000000000003 0.26750000000000007 0.34500000000000003 0.34750000000000003 3.0350000000000006 35.500000000000007 9.5000000000000018 0.52500000000000013 0.98957000000000017 5.4250000000000016 0.78500000000000014 7.2500000000000009 0.24250000000000002 0.49250000000000005 38.500000000000007 25.500000000000004 146.50000000000003 0.55500000000000016 0.99014500000000016 38.500000000000007
decision_type=2 2 2 2 2 2 2 2 2 2 2 2 2 2 2 2 2 2 2 2 2 2 2 2 2 2 2 2 2 2
left_child=1 5 3 4 -2 6 -1 15 9 10 11 24 21 -6 -4 17 -17 -3 -16 20 22 -8 28 -24 -5 -7 27 29 -20 -27
right_child=2 7 14 8 13 25 12 -9 -10 -11 -12 -13 -14 -15 18 16 -18 -19 19 -21 -22 -23 23 -25 -26 26 -28 -29 -30 -31
leaf_value=-0.011143566617358696 -0.03024812202900648 -0.02080469310283661 0.0058194114552016429 -0.0034049722423004185 0.016544286695283815 -0.011433786029616992 0.019287285905691884 -0.021681531394114259 -0.0068532325914534538 -0.019209540389478211 0.011619122782911591 -0.029801076419651507 0.0067556946317199624 -0.0075469646445145049 0.031087917321361604 -0.039800476711807836 -0.012387353695562105 0.0074361488935263719 0.019214972802277269 0.029123624271625889 0.035078076909009652 0.051459716342389585 0.020120818055189955 -0.0016665121675363149 0.024758602151888666 -0.0055218844627172269 -0.0060086721895646509 0.033233660484918139 -0.0058179049944174629 0.016363390535116196
leaf_weight=34 60 25 85 47 37 108 31 305 92 25 682 25 40 93 100 33 934 68 29 100 39 25 223 44 27 59 131 22 62 45
leaf_count=34 60 25 85 47 37 108 31 305 92 25 682 25 40 93 100 33 934 68 29 100 39 25 223 44 27 59 131 22 62 45
internal_value=0 -0.0100081 0.00969847 0.0042944 -0.0100243 0.00180901 0.0136596 -0.0142934 0.00732397 0.00894221 0.00984336 -0.00238968 0.022444 -0.000690224 0.0183196 -0.0121676 -0.0133229 -0.000155475 0.0200994 0.0178884 0.0150584 0.03365 0.0128775 0.0165304 0.00687093 -0.00241173 0.00137963 0.00906113 0.00215961 0.00394771
internal_weight=0 1860 1770 1088 190 495 130 1365 898 806 781 99 96 130 682 1060 967 93 597 497 397 56 358 267 74 365 257 126 91 104
internal_count=3630 1860 1770 1088 190 495 130 1365 898 806 781 99 96 130 682 1060 967 93 597 497 397 56 358 267 74 365 257 126 91 104
is_linear=0
shrinkage=0.05


Tree=14
num_leaves=31
num_cat=0
split_feature=10 1 10 2 1 3 2 0 7 5 10 5 8 9 4 1 10 10 5 1 5 8 9 5 0 9 9 4 9 0
split_gain=127.688 36.5515 21.5233 12.4101 9.43901 11.0695 8.3489 7.53633 10.4929 7.21568 6.63359 6.21816 6.09905 5.55428 6.7226 5.44269 5.18339 4.79503 4.77902 4.6954 4.51347 4.38085 5.13723 4.14506 4.06706 3.90569 5.19935 3.82307 5.80309 6.21495
threshold=10.65 0.29750000000000004 12.025000000000002 0.24500000000000002 0.20250000000000004 10.15 0.30500000000000005 7.3500000000000005 0.99399500000000007 10.500000000000002 10.350000000000003 8.5000000000000018 2.9950000000000006 0.72500000000000009 0.048500000000000008 0.70250000000000001 10.116666665000002 9.8500000000000032 27.500000000000004 0.38250000000000006 33.500000000000007 3.2450000000000006 0.57500000000000007 15.500000000000002 7.2500000000000009 0.63500000000000012 0.53500000000000014 0.10050000000000002 0.57500000000000007 10.050000000000002
decision_type=2 2 2 2 2 2 2 2 2 2 2 2 2 2 2 2 2 2 2 2 2 2 2 2 2 2 2 2 2 2
left_child=1 4 3 11 5 12 24 9 -9 -5 15 -2 -1 14 21 27 -14 -6 -19 -10 -4 23 -23 -11 -7 26 -20 28 -3 -30
right_child=2 10 20 7 17 6 -8 8 19 13 -12 -13 16 -15 -16 -17 -18 18 25 -21 -22 22 -24 -25 -26 -27 -28 -29 29 -31
leaf_value=-0.026665263618564323 -0.027822193417411586 -0.01664886450870481 0.016895594993072006 -0.012823321938514709 -0.0082700327056213618 0.020373346861999701 0.0045264516543731155 -0.0064530728767648628 0.018767667713339931 0.030410212216762985 -0.0036556049538332791 -0.0012400727412969501 -0.0041549395322315876 0.037204821414958976 -0.0022968454771848806 -0.028258438316392312 0.010949004551706215 -0.0080688622305938682 0.0013731806946452709 0.0019881042297667183 0.027763895729816902 0.017166608320027268 0.03781967024490434 0.0083242100522683531 0.047596865017776907 -0.013421092430750528 0.020883478626679136 -0.024035356383846733 -0.010197144814512948 0.014684776669102057
leaf_weight=21 26 521 321 25 427 34 59 144 101 24 126 143 154 26 59 81 90 109 96 71 136 145 38 185 23 24 53 98 242 28
leaf_count=21 26 521 321 25 427 34 59 144 101 24 126 143 154 26 59 81 90 109 96 71 136 145 38 185 23 24 53 98 242 28
internal_value=0 -0.00800082 0.0111589 0.00700517 -0.00151762 0.00482956 0.0177111 0.00955355 0.00350458 0.0133613 -0.0144485 -0.00532963 -0.000809135 0.0147336 0.0134382 -0.0158505 0.00141619 -0.00492844 0.000131339 0.0118412 0.0201299 0.0158065 0.0214552 0.0108604 0.0313583 0.00529794 0.00831309 -0.01472 -0.0135659 -0.0076168
internal_weight=0 2186 1444 987 1090 381 116 818 316 502 1096 169 265 477 451 970 244 709 282 172 457 392 183 209 57 173 149 889 791 270
internal_count=3630 2186 1444 987 1090 381 116 818 316 502 1096 169 265 477 451 970 244 709 282 172 457 392 183 209 57 173 149 889 791 270
is_linear=0
shrinkage=0.05


Tree=15
num_leaves=31
num_cat=0
split_feature=10 1 10 2 8 10 5 9 0 0 6 5 9 0 10 4 6 2 2 1 6 2 9 5 7 8 1 7 5 5
split_gain=114.741 31.4421 24.4906 12.13 10.0277 9.16364 6.63654 6.59716 6.08138 5.94249 5.82944 5.47249 5.49698 5.27726 5.61643 7.89256 4.94313 4.81418 5.79258 4.9966 4.77306 4.62672 4.54767 4.94945 4.45642 4.27205 4.20892 5.56269 7.58078 4.92228
threshold=10.65 0.23250000000000001 12.025000000000002 0.24500000000000002 3.2450000000000006 9.8500000000000032 27.500000000000004 0.74500000000000011 8.8500000000000032 7.0500000000000007 108.50000000000001 18.500000000000004 0.68500000000000016 6.1250000000000009 9.0500000000000025 0.055500000000000008 123.50000000000001 0.26500000000000007 0.42500000000000004 0.41750000000000004 37.500000000000007 0.39500000000000007 0.38500000000000006 15.500000000000002 0.99389000000000005 3.4250000000000003 0.57750000000000001 0.99460500000000007 14.500000000000002 54.500000000000007
decision_type=2 2 2 2 2 2 2 2 2 2 2 2 2 2 2 2 2 2 2 2 2 2 2 2 2 2 2 2 2 2
left_child=1 8 3 22 7 17 10 9 13 24 21 12 -4 16 15 -15 -1 -3 19 -19 -11 -6 -2 -24 -5 -8 27 28 -7 -30
right_child=2 5 11 4 6 26 25 -9 -10 20 -12 -13 -14 14 -16 -17 -18 18 -20 -21 -22 -23 23 -25 -26 -27 -28 -29 29 -31
leaf_value=0.0025523718185152633 -0.024956964440643787 -0.017266484262214769 0.0047149385724748888 0.012411998080872013 0.021443819695737262 -0.029356842755507203 0.02792013025010397 0.024018932173272507 -0.024192942585796118 0.014579643114493827 -0.0078851154466208669 0.024078392935077755 0.028798922557722442 0.0056076320297766616 0.0032879730779677633 0.036147478376241292 -0.02205009366252593 -0.002607931944669462 -0.01586859412900694 -0.016731889563870717 -0.0043431677064410005 0.0011940414340473539 -0.012271488389143577 0.0061042667793420463 -0.009340713227478167 0.0071511555297840996 -0.014790177917794179 0.0016873477754299063 -0.00069969806316323951 -0.027460705749690534
leaf_weight=49 25 450 84 184 82 39 123 42 20 39 38 333 33 56 390 34 35 255 273 83 229 43 65 84 27 31 95 249 122 20
leaf_count=49 25 450 84 184 82 39 123 42 20 39 38 333 33 56 390 34 35 255 273 83 229 43 65 84 27 31 95 249 122 20
internal_value=0 -0.00701632 0.0111054 0.0067901 0.00928447 -0.0106685 0.0162964 0.00501809 0.00290206 0.00335204 0.00926443 0.0208101 0.0115079 0.00386288 0.00588615 0.0171449 -0.00769866 -0.013342 -0.0104515 -0.00607624 -0.00158948 0.0144779 -0.00522306 -0.001912 0.00962848 0.0237394 -0.00526555 -0.00316127 -0.00983146 -0.00446885
internal_weight=0 2170 1462 1012 838 1586 317 521 584 479 163 450 117 564 480 90 84 1061 611 338 268 125 174 149 211 154 525 430 181 142
internal_count=3632 2170 1462 1012 838 1586 317 521 584 479 163 450 117 564 480 90 84 1061 611 338 268 125 174 149 211 154 525 430 181 142
is_linear=0
shrinkage=0.05


Tree=16
num_leaves=31
num_cat=0
split_feature=7 1 3 9 6 4 8 6 1 8 9 7 9 3 7 0 0 7 5 1 6 6 4 5 2 1 0 3 5 5
split_gain=59.3724 21.7154 19.6795 18.6159 21.0192 13.6947 11.4906 12.0282 10.9136 10.1703 8.98489 8.2369 7.09771 6.79548 10.2148 6.74097 7.69142 6.52021 5.89178 5.14285 5.04831 4.42651 4.58008 4.13806 5.80776 4.08595 4.08105 3.90406 3.84311 3.8318
threshold=0.99239000000000011 0.22750000000000004 2.0250000000000004 0.68500000000000016 50.500000000000007 0.045500000000000006 3.3250000000000006 80.500000000000014 0.43250000000000005 3.2450000000000006 0.57500000000000007 0.99165500000000006 0.66500000000000015 4.7750000000000012 0.99364500000000011 8.2500000000000018 6.1250000000000009 0.99450500000000008 26.500000000000004 0.16250000000000003 132.50000000000003 64.500000000000014 0.083500000000000019 20.500000000000004 0.33500000000000008 0.31750000000000006 8.3500000000000032 1.8250000000000004 28.250000000000004 24.500000000000004
decision_type=2 2 2 2 2 2 2 2 2 2 2 2 2 2 2 2 2 2 2 2 2 2 2 2 2 2 2 2 2 2
left_child=2 15 9 5 8 6 7 -3 -5 11 -7 19 29 -9 25 16 -2 -6 -8 -1 -16 27 -23 24 -4 -15 -19 -12 -17 -11
right_child=1 3 23 4 17 10 18 13 -10 12 21 -13 -14 14 20 28 -18 26 -20 -21 -22 22 -24 -25 -26 -27 -28 -29 -30 -31
leaf_value=0.021798060262679227 -0.0080209712125360964 -0.035122616272419693 0.017390812127225437 0.026876655821864145 0.016128467614560025 -0.013345086133629761 -0.0013154331202569762 -0.016636900396219324 0.0014198143143152847 0.00025777225115443354 -0.014203815315014277 -0.013391757568671973 0.041175262700943724 0.0093521929045598355 0.0087440525101763877 -0.024687854140055216 0.0092549198564891941 -0.020933918918349916 0.023688334022318167 0.0010864654844028449 -0.0065236674120482136 -0.0055469563245295296 -0.025055990277267084 0.022717855061598433 -0.01331225017318502 0.037916756447936809 -0.0030823736467351349 0.0031559174650602276 0.0036078752672654537 0.015626911448857417
leaf_weight=36 75 30 67 108 23 881 38 70 69 61 39 91 21 31 70 28 457 70 62 179 239 113 41 300 20 21 59 191 21 121
leaf_count=36 75 30 67 108 23 881 38 70 69 61 39 91 21 31 70 28 457 70 62 179 239 113 41 300 20 21 59 191 21 121
internal_value=0 -0.00339399 0.0114354 -0.00570691 0.00524124 -0.0076795 -0.00117732 -0.00451012 0.0169528 0.0049741 -0.0105631 -0.000782492 0.0136515 -0.00237932 0.00038531 0.00518491 0.00681941 -0.00839658 0.0141869 0.00455445 -0.00306496 -0.00418039 -0.0107409 0.0199336 0.0103326 0.0208879 -0.0127693 0.000212311 -0.0125611 0.0104757
internal_weight=0 2736 896 2155 329 1826 561 461 177 509 1265 306 203 431 361 581 532 152 100 215 309 384 154 387 87 52 129 230 49 182
internal_count=3632 2736 896 2155 329 1826 561 461 177 509 1265 306 203 431 361 581 532 152 100 215 309 384 154 387 87 52 129 230 49 182
is_linear=0
shrinkage=0.05


Tree=17
num_leaves=31
num_cat=0
split_feature=10 1 10 10 5 5 0 1 4 4 5 8 8 7 6 5 5 3 8 0 10 2 10 5 6 2 2 6 3 2
split_gain=95.7852 32.6148 16.0996 12.5599 7.63806 7.28735 7.03551 6.38172 5.74702 5.6031 5.31359 5.0437 6.69522 8.98686 7.92839 5.93054 5.48629 5.132 4.76155 4.69184 7.26174 7.42234 6.39876 5.39851 5.70214 4.57675 5.72658 4.47723 4.22872 4.79478
threshold=11.15 0.22750000000000004 9.8500000000000032 12.725000000000001 5.5000000000000009 66.500000000000014 8.3500000000000032 0.57750000000000001 0.05050000000000001 0.058500000000000003 13.500000000000002 3.4850000000000008 3.2950000000000004 0.99370500000000017 42.500000000000007 19.500000000000004 27.500000000000004 8.8500000000000032 3.0550000000000002 6.3500000000000005 9.0500000000000025 0.30500000000000005 10.116666665000002 26.500000000000004 145.50000000000003 0.23500000000000001 0.39500000000000007 45.500000000000007 1.5250000000000001 0.25500000000000006
decision_type=2 2 2 2 2 2 2 2 2 2 2 2 2 2 2 2 2 2 2 2 2 2 2 2 2 2 2 2 2 2
left_child=1 6 8 4 -2 7 19 11 10 -9 -3 12 14 16 -4 18 -14 -17 -16 22 21 -21 -1 -22 -25 -12 -27 -10 -6 -30
right_child=3 2 5 -5 28 -7 -8 9 27 -11 25 -13 13 -15 15 17 -18 -19 -20 20 23 -23 -24 24 -26 26 -28 -29 29 -31
leaf_value=-0.011443146825522971 -0.011645230788013175 -0.025927295204665926 0.013396255312677983 0.026122396784944477 0.0052886317658392508 -0.031915326150400297 -0.016400133096612989 -0.033861714725693069 -0.0076903817255094837 -0.0073011553611444392 -0.01638311640505331 -0.022690788175289831 0.0038138985279060548 0.0015000444727531017 -0.034491979194805032 -0.005845800706330645 0.035512722961795633 0.0086353952985603454 -0.009565601726176173 0.039415870420634748 -0.0038941223529459102 0.0054262096881224171 0.010399477617271866 0.016187617460710523 0.002364879179382827 0.0027505271674858199 -0.010526087729109301 -0.017148800041731888 0.0043207958052276611 0.015856319209222609
leaf_weight=76 36 36 66 161 187 21 36 24 166 115 83 24 21 149 25 212 39 86 82 36 99 29 60 156 143 180 148 508 109 519
leaf_count=76 36 36 66 161 187 21 36 24 166 115 83 24 21 149 25 212 39 86 82 36 99 29 60 156 143 180 148 508 109 519
internal_value=0 -0.00479531 -0.00795056 0.0133161 0.0108932 -0.00282143 0.00506794 -0.00209667 -0.0119038 -0.0118872 -0.00750771 -0.000163602 0.000631475 0.0080794 -0.00267344 -0.00529221 0.0244181 -0.00166666 -0.0153895 0.00635818 0.0087565 0.0242513 -0.00180669 0.00622595 0.00957674 -0.00589432 -0.00324014 -0.0148193 0.0118888 0.0138541
internal_weight=0 2620 1985 1012 851 864 635 843 1121 139 447 704 680 209 471 405 60 298 107 599 463 65 136 398 299 411 328 674 815 628
internal_count=3632 2620 1985 1012 851 864 635 843 1121 139 447 704 680 209 471 405 60 298 107 599 463 65 136 398 299 411 328 674 815 628
is_linear=0
shrinkage=0.05


Tree=18
num_leaves=31
num_cat=0
split_feature=10 1 10 2 10 9 0 3 10 3 7 5 3 9 5 0 10 1 0 5 1 2 9 9 5 5 2 3 6 2
split_gain=86.7729 23.5143 19.2896 9.6387 6.96656 5.98442 6.42536 5.80965 6.83169 5.63384 5.52358 5.14431 5.04259 4.66552 4.84187 4.65766 6.1065 6.09242 4.51082 4.3691 4.36562 4.2433 4.23454 4.21215 5.16353 4.16578 4.06623 5.22164 4.06135 3.78181
threshold=10.65 0.23250000000000001 12.025000000000002 0.24500000000000002 9.8500000000000032 0.72500000000000009 7.0500000000000007 8.2500000000000018 12.725000000000001 10.550000000000002 0.99470500000000006 28.250000000000004 1.0250000000000001 0.57500000000000007 24.500000000000004 6.8500000000000005 8.9500000000000011 0.15750000000000003 8.4500000000000011 33.500000000000007 0.38250000000000006 0.24500000000000002 0.38500000000000006 0.48500000000000004 14.500000000000002 15.500000000000002 0.42500000000000004 10.15 158.50000000000003 0.33500000000000008
decision_type=2 2 2 2 2 2 2 2 2 2 2 2 2 2 2 2 2 2 2 2 2 2 2 2 2 2 2 2 2 2
left_child=1 11 3 22 21 6 10 8 13 23 12 18 -5 -4 -15 19 -17 -18 -1 -13 -7 -3 -2 24 -6 -24 27 -23 -14 -25
right_child=2 4 7 5 9 20 -8 -9 -10 -11 -12 15 28 14 -16 16 17 -19 -20 -21 -22 26 25 29 -26 -27 -28 -29 -30 -31
leaf_value=-0.0011327947960870172 -0.023926730349659919 -0.015871093912919364 0.0075935671502851288 -0.012081708310579416 -0.027943245962608693 0.024959149373789843 0.0011773711530869702 0.039153324340980865 0.025271405138696235 0.010144872854238955 -0.0089954974328176115 0.017495620908836523 0.015469713114343904 0.010606855126157329 0.034971801524883821 0.031389096223058237 0.027822395699719588 0.003068739957625753 -0.023178520012232993 -0.0033396687321305182 0.0017072747646899964 -0.010240188700780549 -0.011193351762799118 0.0008887555138253182 -0.0073727324910994084 0.0056650039734363203 -0.013991271651216917 0.0015573459884358778 -0.0027060336077257118 -0.010493864748725851
leaf_weight=165 25 375 187 20 43 80 324 31 150 58 33 30 320 44 38 31 30 145 27 156 27 269 65 206 105 84 273 144 34 113
leaf_count=165 25 375 187 20 43 80 324 31 150 58 33 30 320 44 38 31 30 145 27 156 27 269 65 206 105 84 273 144 34 113
internal_value=0 -0.00610498 0.00965412 0.00582435 -0.00926333 0.00804787 0.00643131 0.0182669 0.0167216 -0.00455241 0.0106138 0.00247235 0.012344 0.011954 0.0218979 0.00575659 0.0109354 0.00731222 -0.00423297 2.08619e-05 0.0190919 -0.0115944 -0.00488434 -0.00637777 -0.0133493 -0.00168931 -0.00925652 -0.00612676 0.013724 -0.00314333
internal_weight=0 2170 1462 1012 1586 838 731 450 419 525 407 584 374 269 82 392 206 175 192 186 107 1061 174 467 148 149 686 413 354 319
internal_count=3632 2170 1462 1012 1586 838 731 450 419 525 407 584 374 269 82 392 206 175 192 186 107 1061 174 467 148 149 686 413 354 319
is_linear=0
shrinkage=0.05


Tree=19
num_leaves=31
num_cat=0
split_feature=10 1 10 10 5 5 0 1 4 4 5 9 4 6 3 5 9 9 6 3 1 6 7 0 10 4 10 5 7 9
split_gain=78.6728 27.012 12.9532 10.0195 6.63128 6.59922 5.94239 5.54246 5.01039 4.88873 4.73823 4.68347 5.19447 7.36725 6.78219 4.28968 12.8218 6.0229 4.62227 4.4498 4.35808 4.20745 4.06635 4.06101 6.16051 6.55187 5.62857 4.71784 4.58162 5.9129
threshold=11.15 0.22750000000000004 9.8500000000000032 12.725000000000001 5.5000000000000009 66.500000000000014 8.3500000000000032 0.57750000000000001 0.05050000000000001 0.058500000000000003 13.500000000000002 0.57500000000000007 0.039500000000000007 88.500000000000014 8.2500000000000018 26.500000000000004 0.69500000000000006 0.69500000000000006 49.500000000000007 1.2250000000000003 0.29750000000000004 45.500000000000007 0.9924550000000002 6.3500000000000005 9.0500000000000025 0.055500000000000008 10.116666665000002 27.500000000000004 0.99410500000000013 0.53500000000000014
decision_type=2 2 2 2 2 2 2 2 2 2 2 2 2 2 2 2 2 2 2 2 2 2 2 2 2 2 2 2 2 2
left_child=1 6 8 4 -2 7 23 15 10 -9 -3 12 13 -6 -15 16 19 20 -18 -4 -17 -10 -5 26 25 -25 -1 -26 29 -29
right_child=3 2 5 22 11 -7 -8 9 21 -11 -12 -13 -14 14 -16 17 18 -19 -20 -21 -22 -23 -24 24 27 -27 -28 28 -30 -31
leaf_value=-0.010819003680310409 -0.011097418237477542 -0.024053374884857072 -0.027932496617237731 0.027229811827860297 -0.0029539368498851274 -0.030303819685996998 -0.015100632735993713 -0.031577923459311326 -0.0065757202635328459 -0.0067682615376037109 -0.0051360448165241532 0.01643174743053635 0.0018082588306278923 0.012278560058580641 0.034446978966007007 0.010978665732895661 0.022325576212757301 -0.01702473270857046 -0.0048636068970980967 -0.0066289781526700925 -0.0012516086528554929 -0.015744756720960141 0.0065522610113538556 0.0089370432603908222 -0.0031485498207834885 0.041150363355323127 0.0096669441345147798 0.0084360423010749457 0.0038664892057652675 0.031995463528295569
leaf_weight=76 36 36 27 132 68 21 36 24 166 115 411 256 200 251 40 183 54 31 22 266 121 508 29 38 109 27 60 76 172 41
leaf_count=76 36 36 27 132 68 21 36 24 166 115 411 256 200 251 40 183 54 31 22 266 121 508 29 38 109 27 60 76 172 41
internal_value=0 -0.00434685 -0.00721832 0.0120671 0.00990318 -0.00261762 0.00462931 -0.00192792 -0.0107643 -0.0110519 -0.00665959 0.0108308 0.0082658 0.0118633 0.0153258 -0.000126448 -0.00384527 0.0039698 0.014455 -0.0085921 0.00611069 -0.0134865 0.0235053 0.00581509 0.00804636 0.022318 -0.00178109 0.00571557 0.00905879 0.0166919
internal_weight=0 2620 1985 1012 851 864 635 843 1121 139 447 815 559 359 291 704 369 335 76 293 304 674 161 599 463 65 136 398 289 117
internal_count=3632 2620 1985 1012 851 864 635 843 1121 139 447 815 559 359 291 704 369 335 76 293 304 674 161 599 463 65 136 398 289 117
is_linear=0
shrinkage=0.05


end of trees

feature_importances:
free_sulfur_dioxide=87
volatile_acidity=78
alcohol=78
sulphates=71
residual_sugar=51
citric_acid=46
total_sulfur_dioxide=43
chlorides=39
density=36
pH=36
fixed_acidity=35

parameters:
[boosting: gbdt]
[objective: regression]
[metric: l2,l1]
[tree_learner: serial]
[device_type: cpu]
[data_sample_strategy: bagging]
[data: ]
[valid: ]
[num_iterations: 20]
[learning_rate: 0.05]
[num_leaves: 31]
[num_threads: 0]
[seed: 0]
[deterministic: 0]
[force_col_wise: 0]
[force_row_wise: 0]
[histogram_pool_size: -1]
[max_depth: -1]
[min_data_in_leaf: 20]
[min_sum_hessian_in_leaf: 0.001]
[bagging_fraction: 0.8]
[pos_bagging_fraction: 1]
[neg_bagging_fraction: 1]
[bagging_freq: 5]
[bagging_seed: 3]
[feature_fraction: 0.9]
[feature_fraction_bynode: 1]
[feature_fraction_seed: 2]
[extra_trees: 0]
[extra_seed: 6]
[early_stopping_round: 0]
[first_metric_only: 0]
[max_delta_step: 0]
[lambda_l1: 0]
[lambda_l2: 0]
[linear_lambda: 0]
[min_gain_to_split: 0]
[drop_rate: 0.1]
[max_drop: 50]
[skip_drop: 0.5]
[xgboost_dart_mode: 0]
[uniform_drop: 0]
[drop_seed: 4]
[top_rate: 0.2]
[other_rate: 0.1]
[min_data_per_group: 100]
[max_cat_threshold: 32]
[cat_l2: 10]
[cat_smooth: 10]
[max_cat_to_onehot: 4]
[top_k: 20]
[monotone_constraints: ]
[monotone_const
pandas_categorical:[]
notone_penalty: 0]
[feature_contri: ]
[forcedsplits_filename: ]
[refit_decay_rate: 0.9]
[cegb_tradeoff: 1]
[cegb_penalty_split: 0]
[cegb_penalty_feature_lazy: ]
[cegb_penalty_feature_coupled: ]
[path_smooth: 0]
[interaction_constraints: ]
[verbosity: 0]
[saved_feature_importance_type: 0]
[use_quantized_grad: 0]
[num_grad_quant_bins: 4]
[quant_train_renew_leaf: 0]
[stochastic_rounding: 1]
[linear_tree: 0]
[max_bin: 255]
[max_bin_by_feature: ]
[min_data_in_bin: 3]
[bin_construct_sample_cnt: 200000]
[data_random_seed: 1]
[is_enable_sparse: 1]
[enable_bundle: 1]
[use_missing: 1]
[zero_as_missing: 0]
[feature_pre_filter: 1]
[pre_partition: 0]
[two_round: 0]
[header: 0]
[label_column: ]
[weight_column: ]
[group_column: ]
[ignore_column: ]
[categorical_feature: ]
[forcedbins_filename: ]
[precise_float_parser: 0]
[parser_config_file: ]
[objective_seed: 5]
[num_class: 1]
[is_unbalance: 0]
[scale_pos_weight: 1]
[sigmoid: 1]
[boost_from_average: 1]
[reg_sqrt: 0]
[alpha: 0.9]
[fair_c: 1]
[poisson_max_delta_step: 0.7]
[tweedie_variance_power: 1.5]
[lambdarank_truncation_level: 30]
[lambdarank_norm: 1]
[label_gain: ]
[lambdarank_position_bias_regularization: 0]
[eval_at: ]
[multi_error_top_k: 1]
[auc_mu_weights: ]
[num_machines: 1]
[local_listen_port: 12400]
[time_out: 120]
[machine_list_filename: ]
[machines: ]
[gpu_platform_id: -1]
[gpu_device_id: -1]
[gpu_use_dp: 0]
[num_gpu: 1]

end of parameters
